0,0.1162109375
1,0.0947265625
2,0.08984375
3,0.09326171875
4,0.08740234375
5,0.0859375
6,0.08203125
7,0.0810546875
8,0.08154296875
9,0.07861328125
10,0.0791015625
11,0.0693359375
12,0.06396484375
13,0.062255859375
14,0.059326171875
15,0.059326171875
16,0.05859375
17,0.0595703125
18,0.0595703125
19,0.058349609375
20,0.05859375
21,0.057373046875
22,0.0576171875
23,0.057373046875
24,0.057373046875
25,0.0576171875
26,0.0576171875
27,0.05859375
28,0.06005859375
29,0.061279296875
30,0.06298828125
31,0.06494140625
32,0.06787109375
33,0.07080078125
34,0.07470703125
35,0.078125
36,0.08251953125
37,0.0869140625
38,0.091796875
39,0.09814453125
40,0.10400390625
41,0.109375
42,0.11572265625
43,0.12255859375
44,0.1298828125
45,0.13671875
46,0.1435546875
47,0.150390625
48,0.158203125
49,0.1640625
0,0.1142578125
1,0.099609375
2,0.09716796875
3,0.095703125
4,0.0869140625
5,0.0810546875
6,0.0810546875
7,0.078125
8,0.07470703125
9,0.0771484375
10,0.07080078125
11,0.068359375
12,0.064453125
13,0.06396484375
14,0.0625
15,0.060791015625
16,0.060791015625
17,0.060546875
18,0.06005859375
19,0.06005859375
20,0.060546875
21,0.06005859375
22,0.06005859375
23,0.060546875
24,0.060791015625
25,0.061279296875
26,0.06201171875
27,0.0634765625
28,0.06494140625
29,0.06640625
30,0.06884765625
31,0.0712890625
32,0.07421875
33,0.078125
34,0.08154296875
35,0.08642578125
36,0.09130859375
37,0.09619140625
38,0.10107421875
39,0.107421875
40,0.11376953125
41,0.1201171875
42,0.1259765625
43,0.1328125
44,0.140625
45,0.1474609375
46,0.1552734375
47,0.1630859375
48,0.169921875
49,0.1748046875
